receivedCounter = 100
rssi = [38 65 62 4 50 44 44 53 54 60 78 77 74 67 68 72 72 79 80 80 80 85 82 87 87 81 81 78 74 78 78 80 84 84 76 80 78 58 69 65 63 69 69 62 70 70 66 63 69 69 74 69 66 57 66 72 69 64 64 71 74 77 77 65 71 67 68 68 80 67 66 58 58 58 72 69 72 65 62 62 62 62 62 62 62 62 65 71 71 81 76 76 65 55 49 60 40 28 2 59 ];