receivedCounter = 100
rssi = [62 62 46 46 46 46 81 81 81 81 62 86 86 86 86 73 67 67 67 67 67 48 53 62 62 61 61 52 52 66 66 69 56 67 70 71 45 45 45 45 45 77 78 70 70 75 64 64 82 82 92 91 93 90 89 96 90 88 91 94 94 94 88 94 94 94 98 96 94 99 99 95 77 68 72 71 91 91 91 91 86 90 90 90 103 109 111 86 97 65 54 62 62 62 87 85 85 89 107 107 ];