receivedCounter = 100
rssi = [42 43 43 26 26 45 38 38 38 46 46 33 42 40 48 43 21 21 21 21 5 5 20 20 9 21 21 21 21 16 1 2 2 2 2 2 2 2 2 2 2 2 2 2 2 24 24 24 2 26 29 24 24 11 14 11 13 13 34 34 44 52 63 49 54 54 18 57 57 55 65 70 70 69 69 72 77 66 75 78 72 59 65 71 67 71 65 68 68 62 63 57 50 48 56 56 58 63 53 60 ];