receivedCounter = 100
rssi = [36 241 231 250 240 242 244 241 239 239 241 239 240 245 249 248 246 253 241 239 243 245 241 244 245 246 246 248 242 243 243 241 242 247 242 244 247 248 246 245 244 247 245 240 244 243 242 244 246 246 243 248 242 244 247 246 244 245 246 248 247 248 248 244 252 246 245 250 247 247 246 244 246 243 250 251 245 245 249 246 247 236 248 250 247 250 243 247 246 243 249 243 243 240 244 243 241 244 245 244 ];