receivedCounter = 100
rssi = [36 68 77 46 24 54 68 0 57 54 72 44 92 101 46 125 137 135 131 130 128 124 127 131 130 131 132 131 128 129 131 130 127 129 130 128 129 129 128 129 130 131 129 132 131 129 130 132 132 132 132 131 133 133 133 133 131 130 130 130 130 132 132 131 132 132 132 131 131 130 132 132 132 132 132 131 131 131 132 131 131 130 130 130 130 129 130 130 132 131 131 131 130 130 126 130 132 130 130 130 ];