receivedCounter = 100
rssi = [76 79 53 36 62 74 5 64 62 78 56 94 111 54 129 139 137 135 133 129 126 129 132 133 128 134 132 131 132 133 132 129 131 132 132 131 130 131 131 131 131 134 134 134 133 131 132 132 135 133 133 134 133 134 138 135 135 133 133 134 131 133 135 133 133 134 134 132 133 134 133 133 132 134 133 134 132 134 134 132 132 132 133 132 132 131 132 131 133 133 133 133 133 131 131 132 136 134 134 132 ];