receivedCounter = 100
rssi = [60 42 42 62 70 70 49 50 50 50 59 59 48 49 49 66 66 66 66 66 66 66 47 52 52 60 52 52 61 61 60 60 61 61 70 70 66 63 66 55 54 53 53 38 55 64 62 62 57 54 59 63 72 72 70 78 70 66 67 65 62 58 44 49 53 55 59 51 47 60 60 60 60 65 65 52 48 48 48 45 43 43 43 48 48 57 56 43 42 46 35 38 38 45 47 52 58 56 59 54 ];