receivedCounter = 100
rssi_zero = [36 236 241 243 244 226 217 235 232 251 251 240 239 249 255 251 248 236 237 240 247 252 255 254 245 240 226 239 240 242 241 241 243 243 241 243 242 241 240 241 243 240 241 238 239 240 241 239 240 241 238 237 244 240 242 230 242 241 243 239 242 240 241 243 242 244 240 241 239 242 242 241 241 240 240 238 243 243 241 241 242 240 237 237 240 241 241 240 239 242 242 231 238 241 239 240 242 241 243 241 ];